max_x: 0.3208613395690918
max_y: -0.4708177480101585
max_z: 0.9284401535987854
min_x: -0.3737195134162903
min_y: -1.030528151988983
min_z: 0.5974971860647202
